5915974708692356
5915974698536730
5915974745524398
5915974748025540
5915974717351087
5915974704843213
5915974579787853
5915974749436584
5915974747359189
5915974748757483
5914556958513079
5915974750308447
5915974750355697
5915974752498558
5915974752065473
5915974752781370
5915974750862736
5915974755663208
5915974754905191
5915974751423035
5915974752837507
5915974752536790
5915974749468811
5915974710393081
5915974746323350
5915974539579902
5915974748214828
5915974748788664
5915974756137438
5915974750596363
5915974754965365
5915974747486716
5915974752081435
5915974725137110
5915974699704922
5915974750313479
5915974751149965
5915974597753043
5915974707466700
5915974751447428
5915974753042401
5915974752610853
5915974749540340
5915974746366495
5915974550564318
5915974748284212
5915974756186196
5915974749137088
5915974750609617
5915974711440972
5915974700631066
5915974755097565
5915974752223206
5915974726748184
5915974750330414
5915974751301471
5915974663626362
5915974747873636
5915974708097055
5915974751503835
5915974753324651
5915974752669284
5915974749811888
5915974746593987
5915974564522601
5915974748472484
5915974756198332
5915974750690713
5915974749220147
5915974704343438
5915974752281284
5915974755534207
5915974729511177
5915974711609817
5915974750341005
5915974751317490
5915974692115299
5915974747905110
5915974708129771
5915974751797540
5915974754693323
5915974752687504
5915974750283631
5915974747347678
5915974566815867
5915974748680220
5915974750827838
5915974749257461
5915974704545934
5915974752433741
5915974750355689
5915974716620060
5915974735090819
5915974751368900
5915974698168131
5915974747961273
5915974708375862
5915974751837721
