212789682100044
212789684800113
212789648700099
212789566500047
212789681800017
212789668500046
212789665900082
212789679100111
212789594200044
212789682400044
212789676100125
212789680500001
212789685700109
212789616600088
212789681900060
212789671000087
212789666400112
212789661300071
212789685300036
212789672300097
212789633500111
212789685400124
212789686300029
212789667300093
212789659600040
212789681300005
212789680000066
212789628700057
212789680800121
212789685100028
212789682800114
212789680400103
212789679800122
212789541200119
212789684400038
212789680200051
212789679900050
212789678900130
212789680600114
212789676900081
212789560300000
212789681400079
212789680300065
212789682600020
212789674600115
212789683500045
212789683100046
212780902800087
212789642700074
212789667600047
212789666100004
212789680700118
212789682900126
212789631100055
212789675600057
212789642500128
212789681200085
212789682000124
212789583400023
212789682200059
212789679700083
212789297600031
212789679600032
212789685500121
212789684000043
212789684700027
212789685200056
212777230400002
212789681600066
212789683300064
212789684300089
212789683000091
212789668900099
212789670000121
212789647700111
212789679000066
212789661600123
212789462600020
212789597300000
212789674900119
212789682300024
212789681700050
212789682500058
212789684500005
212789648100126
212789685600038
212789675900068
212789683600087
212789672900041
212789648200062
212789675000047
212789631500086
212782941800103
212789670100012
212789630700110
212789684200111
212789685900124
212789683800099
